# %%
data = [[[[-2.77990761e+01],
         [ 9.11553860e-01],
         [ 4.31867629e-01],
         [ 2.96309412e-01],
         [-6.90775931e-01],
         [-6.40579939e-01],
         [-4.05754954e-01],
         [-9.68657807e-02],
         [-9.87684429e-02],
         [-3.42578739e-01]],

        [[-2.86980476e+01],
         [ 1.71818852e+00],
         [ 1.97413042e-01],
         [ 1.10903990e+00],
         [ 1.67030442e+00],
         [-6.90664887e-01],
         [-1.69062689e-01],
         [-3.82225811e-02],
         [-6.20292485e-01],
         [ 2.52923608e-01]],

        [[-2.92102242e+01],
         [ 7.40254045e-01],
         [ 5.81598282e-01],
         [ 9.10424411e-01],
         [ 1.26407421e+00],
         [-3.23703259e-01],
         [-1.02419817e+00],
         [-9.28184986e-02],
         [-3.72884691e-01],
         [ 3.08344781e-01]],

        [[-2.85441246e+01],
         [ 3.34308743e-01],
         [ 6.26709223e-01],
         [ 1.06950247e+00],
         [ 6.26213551e-01],
         [-5.49889684e-01],
         [-1.35449857e-01],
         [-1.88163534e-01],
         [-2.83875942e-01],
         [ 3.25843900e-01]],

        [[-2.75679989e+01],
         [-1.07196915e+00],
         [ 5.11951327e-01],
         [ 2.22284603e+00],
         [ 1.52595704e-02],
         [-5.65402329e-01],
         [ 4.25423563e-01],
         [-5.92015505e-01],
         [ 1.55313775e-01],
         [ 9.92863402e-02]],

        [[-2.53717976e+01],
         [-1.07841265e+00],
         [ 1.01802707e+00],
         [ 1.28321958e+00],
         [-7.90596128e-01],
         [-8.85295093e-01],
         [-3.02560121e-01],
         [-1.08832419e+00],
         [-4.06705171e-01],
         [-2.48980045e-01]],

        [[-2.62919540e+01],
         [-1.43858039e+00],
         [ 4.36369985e-01],
         [ 1.07911670e+00],
         [-1.46684515e+00],
         [-2.02415276e+00],
         [ 4.55292732e-01],
         [-9.41656590e-01],
         [ 4.08742666e-01],
         [ 4.31656688e-01]],

        [[-2.72087059e+01],
         [-9.17182386e-01],
         [ 9.29067552e-01],
         [ 7.57322073e-01],
         [-1.00879180e+00],
         [-8.71795416e-01],
         [ 9.19781029e-01],
         [-1.13638210e+00],
         [-9.67681557e-02],
         [ 4.64982510e-01]],

        [[-2.78427353e+01],
         [-4.61174250e-01],
         [ 8.30689907e-01],
         [ 1.44471216e+00],
         [ 1.65576383e-01],
         [-3.54065388e-01],
         [ 1.35136411e-01],
         [ 7.09920585e-01],
         [-1.04507459e-02],
         [-1.10784084e-01]],

        [[-2.77317810e+01],
         [ 1.23013341e+00],
         [ 8.49869013e-01],
         [ 1.53711271e+00],
         [ 9.42500234e-01],
         [ 3.76387924e-01],
         [ 2.19330519e-01],
         [ 3.09328228e-01],
         [-4.89776760e-01],
         [-4.71704483e-01]],

        [[-2.79160194e+01],
         [ 7.40206599e-01],
         [ 3.55791122e-01],
         [ 1.83135498e+00],
         [ 1.25301376e-01],
         [ 2.47130662e-01],
         [-1.83527917e-01],
         [-4.73183811e-01],
         [-7.62135208e-01],
         [-4.34710532e-01]],

        [[-2.93496437e+01],
         [ 5.43660104e-01],
         [ 1.97097957e-01],
         [ 1.72341585e+00],
         [ 1.01094186e+00],
         [ 5.19725323e-01],
         [ 1.68175790e-02],
         [ 2.15619937e-01],
         [-5.16107261e-01],
         [-1.63609222e-01]],

        [[-2.92350674e+01],
         [ 3.12507659e-01],
         [-1.83612958e-01],
         [ 1.17870176e+00],
         [ 4.18760628e-01],
         [-3.28534901e-01],
         [ 1.80091441e-01],
         [ 8.86724651e-01],
         [-8.08270555e-03],
         [ 3.01992949e-02]],

        [[-2.99422112e+01],
         [-5.86951852e-01],
         [-4.58644211e-01],
         [ 1.21763718e+00],
         [-1.98862776e-02],
         [-2.21778929e-01],
         [ 7.22411752e-01],
         [ 1.11179638e+00],
         [ 3.72832388e-01],
         [-5.88302612e-01]],

        [[-2.89599075e+01],
         [ 6.12088382e-01],
         [ 8.20017979e-02],
         [ 1.58839297e+00],
         [ 3.01440626e-01],
         [-1.24670148e+00],
         [ 1.78717926e-01],
         [ 9.84393537e-01],
         [-4.19477493e-01],
         [-4.61648613e-01]],

        [[-2.75375729e+01],
         [ 1.09821975e+00],
         [ 2.71288067e-01],
         [ 1.78598022e+00],
         [ 5.63507080e-01],
         [ 1.45960161e-02],
         [ 5.49322478e-02],
         [ 6.06879771e-01],
         [-5.84390998e-01],
         [-1.69468865e-01]],

        [[-2.76219940e+01],
         [ 6.37312591e-01],
         [ 5.58928430e-01],
         [ 1.32010138e+00],
         [ 1.02541029e+00],
         [ 1.46079749e-01],
         [-4.01167899e-01],
         [ 2.68993258e-01],
         [-3.63144308e-01],
         [ 2.49414966e-01]],

        [[-2.85334892e+01],
         [ 7.36759782e-01],
         [ 2.35256061e-01],
         [ 1.71382976e+00],
         [ 1.22612393e+00],
         [ 9.39355671e-01],
         [ 8.52876723e-01],
         [ 1.12148130e+00],
         [ 2.54234016e-01],
         [-1.45583898e-01]],

        [[-2.90673943e+01],
         [ 7.99909532e-01],
         [ 1.72641015e+00],
         [ 8.03298652e-01],
         [ 8.14853013e-01],
         [ 1.33669794e+00],
         [ 9.13314879e-01],
         [ 2.81350017e-01],
         [ 4.65681046e-01],
         [-1.88439235e-01]],

        [[-2.85904942e+01],
         [ 6.54079795e-01],
         [ 1.39182496e+00],
         [ 1.28864479e+00],
         [ 3.72318864e-01],
         [ 2.36051783e-01],
         [-2.22521141e-01],
         [-1.16305925e-01],
         [-5.58692038e-01],
         [-5.05244061e-02]],

        [[-2.91612129e+01],
         [ 1.29713452e+00],
         [ 1.08681524e+00],
         [ 1.42819893e+00],
         [ 2.89672166e-01],
         [ 4.53793317e-01],
         [ 2.20381737e-01],
         [ 7.45387971e-01],
         [ 4.55433398e-01],
         [-3.62304717e-01]],

        [[-9.70242214e+00],
         [-2.13322210e+00],
         [-8.82269859e-01],
         [ 6.90500438e-01],
         [-8.98645401e-01],
         [-9.13180947e-01],
         [-1.24103534e+00],
         [-1.40994489e-01],
         [ 9.71090794e-02],
         [-6.18808687e-01]],

        [[-3.69888949e+00],
         [-3.54504138e-01],
         [ 1.79844856e+00],
         [-1.46003738e-01],
         [-3.78585458e+00],
         [-2.36524773e+00],
         [-2.77206540e+00],
         [-5.97181857e-01],
         [ 8.02016437e-01],
         [-1.04752425e-02]],

        [[ 3.57958460e+00],
         [-3.44910407e+00],
         [ 2.40225244e+00],
         [-2.50348186e+00],
         [-4.92326593e+00],
         [-1.78251398e+00],
         [-1.92840171e+00],
         [-1.58487633e-01],
         [ 5.70499301e-01],
         [-4.16116506e-01]],

        [[ 7.54301023e+00],
         [-5.45012522e+00],
         [ 1.91091526e+00],
         [-3.08688593e+00],
         [-4.61258554e+00],
         [-1.15677130e+00],
         [-1.25599217e+00],
         [ 1.17914326e-01],
         [ 1.93599194e-01],
         [-1.52201331e+00]],

        [[ 8.45209599e+00],
         [-5.85656881e+00],
         [ 1.65179324e+00],
         [-3.12978745e+00],
         [-4.24603224e+00],
         [-3.71720612e-01],
         [-7.66860485e-01],
         [-6.72096536e-02],
         [-3.81496459e-01],
         [-2.04499626e+00]],

        [[ 9.68716621e+00],
         [-6.03625011e+00],
         [ 8.23847473e-01],
         [-2.88422680e+00],
         [-3.45785785e+00],
         [ 9.44124088e-02],
         [-1.38552332e+00],
         [-1.30075014e+00],
         [-1.18687832e+00],
         [-2.18394899e+00]],

        [[ 7.08038378e+00],
         [-7.25841761e+00],
         [ 1.11922503e+00],
         [-1.19114113e+00],
         [-2.03761506e+00],
         [ 1.15924740e+00],
         [-1.12685263e+00],
         [-1.64393485e+00],
         [-1.22560537e+00],
         [-2.06267166e+00]],

        [[ 6.71600628e+00],
         [-8.31056976e+00],
         [ 8.30182731e-01],
         [-7.40442991e-01],
         [-1.44978523e+00],
         [ 1.60619247e+00],
         [-1.19310367e+00],
         [-2.59339786e+00],
         [-1.89617872e+00],
         [-1.88871086e+00]],

        [[ 9.91406441e+00],
         [-9.19398785e+00],
         [-1.29316533e+00],
         [-8.32314849e-01],
         [-1.37000453e+00],
         [ 2.96923727e-01],
         [-1.42759323e+00],
         [-2.72822165e+00],
         [-1.50467420e+00],
         [-1.49336159e+00]],

        [[ 1.07824593e+01],
         [-8.67112923e+00],
         [-1.72941864e+00],
         [-1.83628157e-01],
         [ 1.41339123e-01],
         [-1.64897129e-01],
         [-8.15535247e-01],
         [-2.05881906e+00],
         [-1.26560009e+00],
         [-4.93077934e-01]],

        [[ 1.04377089e+01],
         [-7.94130659e+00],
         [-2.95346928e+00],
         [-8.16945195e-01],
         [ 5.99431336e-01],
         [-1.48741663e+00],
         [-9.71816719e-01],
         [-2.29534745e+00],
         [-2.28525567e+00],
         [ 2.35215053e-02]],

        [[ 1.12282734e+01],
         [-6.61830854e+00],
         [-3.36007285e+00],
         [-1.04500496e+00],
         [ 1.75821793e+00],
         [-2.74404788e+00],
         [-9.51104701e-01],
         [-1.46049142e+00],
         [-1.87892234e+00],
         [ 2.53198892e-01]],

        [[ 1.05082569e+01],
         [-4.94472599e+00],
         [-3.34696341e+00],
         [-1.01257634e+00],
         [ 2.52192211e+00],
         [-3.10694814e+00],
         [-1.35857320e+00],
         [-1.25760388e+00],
         [-1.32090724e+00],
         [-2.20232178e-02]],

        [[ 7.37360096e+00],
         [-3.13857985e+00],
         [-3.72232199e+00],
         [-1.60405827e+00],
         [ 2.92047930e+00],
         [-3.86015606e+00],
         [-2.11414075e+00],
         [-2.03185725e+00],
         [-1.65277481e+00],
         [-5.37824333e-01]],

        [[ 4.91805887e+00],
         [-9.68498111e-01],
         [-3.77516198e+00],
         [-1.71396029e+00],
         [ 3.37760925e+00],
         [-3.70184827e+00],
         [-2.16030574e+00],
         [-2.16896415e+00],
         [-1.16167378e+00],
         [-2.50552475e-01]],

        [[ 2.48661017e+00],
         [-7.85866305e-02],
         [-3.97301340e+00],
         [-2.13486385e+00],
         [ 3.28706193e+00],
         [-3.53180218e+00],
         [-1.74667096e+00],
         [-2.64263821e+00],
         [-1.02156425e+00],
         [-3.35567087e-01]],

        [[ 2.72086811e+00],
         [-3.68216634e-02],
         [-3.50601220e+00],
         [-2.13435698e+00],
         [ 2.89739299e+00],
         [-3.30876064e+00],
         [-1.14489853e+00],
         [-2.14265156e+00],
         [-1.49812186e+00],
         [-1.02178395e+00]],

        [[ 2.79938173e+00],
         [ 4.55141254e-02],
         [-2.43250632e+00],
         [-1.83896863e+00],
         [ 1.49373639e+00],
         [-3.60702682e+00],
         [-7.72987902e-01],
         [-1.19260609e+00],
         [-2.57748127e+00],
         [-1.63722539e+00]],

        [[-4.65470076e+00],
         [ 3.19639659e+00],
         [-2.98079669e-01],
         [-5.90417564e-01],
         [ 1.04601216e+00],
         [-3.60029602e+00],
         [-2.08818722e+00],
         [-7.76343465e-01],
         [-1.20591712e+00],
         [-6.04528546e-01]],

        [[-1.02058754e+01],
         [ 4.80678654e+00],
         [ 2.14718565e-01],
         [ 4.05734509e-01],
         [ 2.27028012e-01],
         [-4.07479668e+00],
         [-1.54257047e+00],
         [-6.80336595e-01],
         [-9.35502768e-01],
         [-5.73818266e-01]],

        [[-1.26581230e+01],
         [ 5.30983543e+00],
         [ 1.47380710e+00],
         [ 3.32048357e-01],
         [-1.02097571e+00],
         [-2.73237658e+00],
         [-9.49916005e-01],
         [-1.46578860e+00],
         [-1.52790415e+00],
         [-8.46730649e-01]],

        [[-7.37626410e+00],
         [ 2.29595518e+00],
         [ 1.09704757e+00],
         [ 9.76580679e-02],
         [-1.16701353e+00],
         [-2.62381840e+00],
         [-6.48362696e-01],
         [-1.88180625e+00],
         [-1.73306262e+00],
         [ 6.16442412e-02]],

        [[-1.17905464e+01],
         [ 1.25032210e+00],
         [ 2.84517026e+00],
         [ 4.61933702e-01],
         [-2.16833663e+00],
         [-2.08063722e+00],
         [-6.41113520e-01],
         [-2.82131243e+00],
         [-2.24325228e+00],
         [-2.02704325e-01]],

        [[-1.49772387e+01],
         [ 2.47778988e+00],
         [ 2.61053181e+00],
         [ 7.49744773e-01],
         [-3.31610918e-01],
         [-9.06904876e-01],
         [-5.01763463e-01],
         [-2.35530472e+00],
         [-9.43954825e-01],
         [-3.82137567e-01]],

        [[-1.93989086e+01],
         [ 1.49464750e+00],
         [ 2.33075666e+00],
         [ 4.30443257e-01],
         [-2.54751891e-01],
         [-3.06558162e-02],
         [-1.09167683e+00],
         [-1.66259754e+00],
         [-1.84763515e+00],
         [-1.19158959e+00]],

        [[-2.31047554e+01],
         [-4.83124822e-01],
         [ 9.90563810e-01],
         [ 5.20277023e-01],
         [-2.35494167e-01],
         [-7.37189472e-01],
         [-1.22233629e+00],
         [-7.08437979e-01],
         [-9.20634508e-01],
         [ 6.49861693e-02]],

        [[-2.36634846e+01],
         [-1.06568825e+00],
         [ 1.65840995e+00],
         [ 6.68089688e-01],
         [ 2.62566894e-01],
         [-1.73203677e-01],
         [-1.07525146e+00],
         [-1.39776826e+00],
         [-6.55698001e-01],
         [-4.40916300e-01]],

        [[-2.61043510e+01],
         [ 1.70009300e-01],
         [ 1.14184928e+00],
         [ 9.40029263e-01],
         [ 1.22282338e+00],
         [ 2.94436783e-01],
         [ 4.62513357e-01],
         [-5.63894093e-01],
         [-3.09201539e-01],
         [ 4.26127970e-01]]]]